"waiting" "duration" "rbinom(n = 299, size = 1, prob = 0.5)"
"1" 80 4.02 0
"2" 71 2.15 0
"3" 57 4 1
"4" 80 4 1
"5" 75 4 1
"6" 77 2 0
"7" 60 4.38 1
"8" 86 4.28 1
"9" 77 2.03 1
"10" 56 4.83 0
"11" 81 1.83 1
"12" 50 5.45 0
"13" 89 1.62 0
"14" 54 4.87 0
"15" 90 4.38 1
"16" 73 1.77 0
"17" 60 4.67 0
"18" 83 2 0
"19" 65 4.73 1
"20" 82 4.22 1
"21" 84 1.9 1
"22" 54 4.97 1
"23" 85 2 0
"24" 58 4 1
"25" 79 2 0
"26" 57 4 1
"27" 88 2.83 1
"28" 68 4.5 0
"29" 76 4.07 1
"30" 78 3.72 1
"31" 74 3.52 0
"32" 85 4.47 0
"33" 75 2.22 1
"34" 65 4.88 1
"35" 76 2.6 1
"36" 58 4.15 0
"37" 91 2.2 0
"38" 50 4.77 0
"39" 87 1.83 0
"40" 48 4.6 0
"41" 93 2.27 1
"42" 54 4.13 1
"43" 86 2 1
"44" 53 4 0
"45" 78 2 0
"46" 52 4 0
"47" 83 1.88 0
"48" 60 4.27 0
"49" 87 2.08 1
"50" 49 4.47 0
"51" 80 2.5 1
"52" 60 4 1
"53" 92 1.77 1
"54" 43 4.33 0
"55" 89 2.18 1
"56" 60 4.48 1
"57" 84 3.88 1
"58" 69 3.33 0
"59" 74 3.73 0
"60" 71 4 1
"61" 108 1.95 0
"62" 50 5.27 0
"63" 77 2 1
"64" 57 4 0
"65" 80 2 1
"66" 61 4 1
"67" 82 2 1
"68" 48 4 0
"69" 81 3.53 0
"70" 73 2.17 1
"71" 62 4.5 0
"72" 79 2.02 0
"73" 54 4.15 0
"74" 80 4.2 0
"75" 73 4.33 0
"76" 81 1.93 1
"77" 62 4.65 0
"78" 81 3.82 1
"79" 71 4.03 1
"80" 79 4.17 1
"81" 81 4.67 1
"82" 74 1.82 1
"83" 59 4 1
"84" 81 3 0
"85" 66 4 0
"86" 87 2 1
"87" 53 4.45 1
"88" 80 2.05 1
"89" 50 4.25 1
"90" 87 1.92 1
"91" 51 4.67 0
"92" 82 1.73 1
"93" 58 4.38 0
"94" 81 1.77 0
"95" 49 4.6 1
"96" 92 1.87 1
"97" 50 4.45 1
"98" 88 1.63 0
"99" 62 5.03 0
"100" 93 1.82 0
"101" 56 5.1 1
"102" 89 1.63 0
"103" 51 4.28 1
"104" 79 2 0
"105" 58 4 0
"106" 82 2 0
"107" 52 4.53 0
"108" 88 2 1
"109" 52 4 1
"110" 78 2.93 0
"111" 69 4.73 0
"112" 75 3.9 1
"113" 77 1.95 0
"114" 53 4.12 0
"115" 80 1.8 1
"116" 55 4.67 1
"117" 87 1.83 0
"118" 53 4.7 1
"119" 85 2.12 0
"120" 61 4.78 0
"121" 93 1.82 0
"122" 54 4.1 1
"123" 76 4.65 1
"124" 80 4 1
"125" 81 2 0
"126" 59 4 1
"127" 86 4 1
"128" 78 4.22 1
"129" 71 4.13 0
"130" 77 3.93 1
"131" 76 3.75 0
"132" 94 4.42 1
"133" 75 2.47 0
"134" 50 4.17 1
"135" 83 3.8 1
"136" 82 4.32 1
"137" 72 3.87 0
"138" 77 4.68 1
"139" 75 1.7 1
"140" 65 4.97 1
"141" 79 4.27 0
"142" 72 4.58 1
"143" 78 4 0
"144" 77 4 0
"145" 79 4 1
"146" 75 4 0
"147" 78 1.98 0
"148" 64 4.6 1
"149" 80 0.83 0
"150" 49 4.92 1
"151" 88 1.73 1
"152" 54 4.58 0
"153" 85 1.7 0
"154" 51 4.75 0
"155" 96 1.83 1
"156" 50 4.5 0
"157" 80 1.87 1
"158" 78 4.45 1
"159" 81 4.45 0
"160" 72 4 0
"161" 75 4.8 1
"162" 78 4 1
"163" 87 4 1
"164" 69 2 0
"165" 55 4 1
"166" 83 1.93 1
"167" 49 4.58 0
"168" 82 2 1
"169" 57 3.7 0
"170" 84 2.87 1
"171" 57 4.83 0
"172" 84 3.45 0
"173" 73 4.38 0
"174" 78 1.8 1
"175" 57 4.4 1
"176" 79 2.48 0
"177" 57 4.52 0
"178" 90 2.1 0
"179" 62 4.35 1
"180" 87 4.37 1
"181" 78 1.78 0
"182" 52 4.92 0
"183" 98 1.82 1
"184" 48 4 1
"185" 78 4 1
"186" 79 4 1
"187" 65 3.87 0
"188" 84 1.85 1
"189" 50 4.7 1
"190" 83 2.02 0
"191" 60 4.47 1
"192" 80 1.87 0
"193" 50 4.17 0
"194" 88 1.9 0
"195" 50 4.25 1
"196" 84 3.25 0
"197" 74 4.22 0
"198" 76 1.88 1
"199" 65 4.98 1
"200" 89 1.85 1
"201" 49 4 0
"202" 88 1.97 1
"203" 51 4.77 0
"204" 78 4 0
"205" 85 2 1
"206" 65 4 1
"207" 75 4 0
"208" 77 2.38 1
"209" 69 4.42 1
"210" 92 4.22 0
"211" 68 4.37 0
"212" 87 2 0
"213" 61 4.45 1
"214" 81 1.75 0
"215" 55 4.5 1
"216" 93 1.62 0
"217" 53 4.7 0
"218" 84 2.57 1
"219" 70 3.7 0
"220" 73 4.23 1
"221" 93 1.93 0
"222" 50 4.35 0
"223" 87 4 1
"224" 77 4 1
"225" 74 4 1
"226" 72 4.22 1
"227" 82 4 1
"228" 74 4.13 1
"229" 80 1.88 0
"230" 49 4.47 1
"231" 91 1.95 1
"232" 53 4.22 0
"233" 86 1.72 0
"234" 49 4.45 1
"235" 79 4.25 1
"236" 89 3.97 0
"237" 87 4.38 1
"238" 76 1.97 0
"239" 59 4.45 0
"240" 80 4.27 1
"241" 89 1.92 1
"242" 45 4.42 1
"243" 93 3 1
"244" 72 4 0
"245" 71 2 0
"246" 54 4 1
"247" 79 3.28 1
"248" 74 1.83 0
"249" 65 4.62 1
"250" 78 1.83 0
"251" 57 4.62 0
"252" 87 4.6 0
"253" 72 4.25 1
"254" 84 1.93 0
"255" 47 4.98 0
"256" 84 1.97 0
"257" 57 4.3 0
"258" 87 4.2 0
"259" 68 4.53 1
"260" 86 4.4 1
"261" 75 4.62 1
"262" 73 2 0
"263" 53 4 0
"264" 82 4 0
"265" 93 3.92 1
"266" 77 2 0
"267" 54 4.5 1
"268" 96 1.8 0
"269" 48 4 0
"270" 89 2.75 1
"271" 63 4.73 0
"272" 84 3.97 1
"273" 76 1.95 0
"274" 62 4.97 1
"275" 83 1.85 1
"276" 50 4.8 0
"277" 85 4 0
"278" 78 4 0
"279" 78 4 0
"280" 81 4 0
"281" 78 4 1
"282" 76 4 1
"283" 74 4 1
"284" 81 2 1
"285" 66 4 1
"286" 84 1.93 0
"287" 48 4.33 1
"288" 93 1.67 0
"289" 47 4.77 1
"290" 87 1.95 0
"291" 51 4.68 1
"292" 78 1.93 1
"293" 54 4.42 1
"294" 87 2.13 0
"295" 52 4.08 1
"296" 85 2.07 1
"297" 58 4 1
"298" 88 4 1
"299" 79 2 1
