waiting duration
 80     4.02
 71     2.15
 57     4.00
 80     4.00
 75     4.00
 77     2.00
 60     4.38
 86     4.28
 77     2.03
 56     4.83
 81     1.83
 50     5.45
 89     1.62
 54     4.87
 90     4.38
 73     1.77
 60     4.67
 83     2.00
 65     4.73
 82     4.22
 84     1.90
 54     4.97
 85     2.00
 58     4.00
 79     2.00
 57     4.00
 88     2.83
 68     4.50
 76     4.07
 78     3.72
 74     3.52
 85     4.47
 75     2.22
 65     4.88
 76     2.60
 58     4.15
 91     2.20
 50     4.77
 87     1.83
 48     4.60
 93     2.27
 54     4.13
 86     2.00
 53     4.00
 78     2.00
 52     4.00
 83     1.88
 60     4.27
 87     2.08
 49     4.47
 80     2.50
 60     4.00
 92     1.77
 43     4.33
 89     2.18
 60     4.48
 84     3.88
 69     3.33
 74     3.73
 71     4.00
108     1.95
 50     5.27
 77     2.00
 57     4.00
 80     2.00
 61     4.00
 82     2.00
 48     4.00
 81     3.53
 73     2.17
 62     4.50
 79     2.02
 54     4.15
 80     4.20
 73     4.33
 81     1.93
 62     4.65
 81     3.82
 71     4.03
 79     4.17
 81     4.67
 74     1.82
 59     4.00
 81     3.00
 66     4.00
 87     2.00
 53     4.45
 80     2.05
 50     4.25
 87     1.92
 51     4.67
 82     1.73
 58     4.38
 81     1.77
 49     4.60
 92     1.87
 50     4.45
 88     1.63
 62     5.03
 93     1.82
 56     5.10
 89     1.63
 51     4.28
 79     2.00
 58     4.00
 82     2.00
 52     4.53
 88     2.00
 52     4.00
 78     2.93
 69     4.73
 75     3.90
 77     1.95
 53     4.12
 80     1.80
 55     4.67
 87     1.83
 53     4.70
 85     2.12
 61     4.78
 93     1.82
 54     4.10
 76     4.65
 80     4.00
 81     2.00
 59     4.00
 86     4.00
 78     4.22
 71     4.13
 77     3.93
 76     3.75
 94     4.42
 75     2.47
 50     4.17
 83     3.80
 82     4.32
 72     3.87
 77     4.68
 75     1.70
 65     4.97
 79     4.27
 72     4.58
 78     4.00
 77     4.00
 79     4.00
 75     4.00
 78     1.98
 64     4.60
 80     0.83
 49     4.92
 88     1.73
 54     4.58
 85     1.70
 51     4.75
 96     1.83
 50     4.50
 80     1.87
 78     4.45
 81     4.45
 72     4.00
 75     4.80
 78     4.00
 87     4.00
 69     2.00
 55     4.00
 83     1.93
 49     4.58
 82     2.00
 57     3.70
 84     2.87
 57     4.83
 84     3.45
 73     4.38
 78     1.80
 57     4.40
 79     2.48
 57     4.52
 90     2.10
 62     4.35
 87     4.37
 78     1.78
 52     4.92
 98     1.82
 48     4.00
 78     4.00
 79     4.00
 65     3.87
 84     1.85
 50     4.70
 83     2.02
 60     4.47
 80     1.87
 50     4.17
 88     1.90
 50     4.25
 84     3.25
 74     4.22
 76     1.88
 65     4.98
 89     1.85
 49     4.00
 88     1.97
 51     4.77
 78     4.00
 85     2.00
 65     4.00
 75     4.00
 77     2.38
 69     4.42
 92     4.22
 68     4.37
 87     2.00
 61     4.45
 81     1.75
 55     4.50
 93     1.62
 53     4.70
 84     2.57
 70     3.70
 73     4.23
 93     1.93
 50     4.35
 87     4.00
 77     4.00
 74     4.00
 72     4.22
 82     4.00
 74     4.13
 80     1.88
 49     4.47
 91     1.95
 53     4.22
 86     1.72
 49     4.45
 79     4.25
 89     3.97
 87     4.38
 76     1.97
 59     4.45
 80     4.27
 89     1.92
 45     4.42
 93     3.00
 72     4.00
 71     2.00
 54     4.00
 79     3.28
 74     1.83
 65     4.62
 78     1.83
 57     4.62
 87     4.60
 72     4.25
 84     1.93
 47     4.98
 84     1.97
 57     4.30
 87     4.20
 68     4.53
 86     4.40
 75     4.62
 73     2.00
 53     4.00
 82     4.00
 93     3.92
 77     2.00
 54     4.50
 96     1.80
 48     4.00
 89     2.75
 63     4.73
 84     3.97
 76     1.95
 62     4.97
 83     1.85
 50     4.80
 85     4.00
 78     4.00
 78     4.00
 81     4.00
 78     4.00
 76     4.00
 74     4.00
 81     2.00
 66     4.00
 84     1.93
 48     4.33
 93     1.67
 47     4.77
 87     1.95
 51     4.68
 78     1.93
 54     4.42
 87     2.13
 52     4.08
 85     2.07
 58     4.00
 88     4.00
 79     2.00

